6.87744370461385
9.13463717697853
9.36795505146584
8.95478787042025
8.16629785036025
7.42306871519402
6.84264384107259
6.43147732079492
6.31053742474247
6.31655983125519
6.44491596151043
6.53257183701463
6.51273658586850
6.59187857341220
6.69070639283515
6.65250622381981
6.69756878159972
6.73545446032661
6.71912714168391
6.66999822560806
6.69960349859179
6.73807873627582
6.69901008842128
6.67575778642650
6.73572516884705
6.79462488623564
6.82323878214953
6.75884485051503
6.66976425007411
6.60581079905322
6.64636869624395
6.74682816494097
6.71031126406923
6.67444411981043
6.66606783499741
6.67598125246017
6.68546692683031
6.59593836988489
6.59958528037648
6.61566058977734
6.72886509189131
6.80910606280419
6.80201637555694
6.73772857630479
6.66949217296155
6.53557115285334
6.61263343757592
6.73855256235606
6.74568161018100
6.74931020238624
6.76462799584858
6.68395357969919
6.66059816359359
6.63658494900231
6.62187920920284
6.70202602943752
6.67945697293385
6.66900730769461
6.70048273142808
6.70018568729569
6.66611869790097
6.60776797621012
6.60881131167206
6.70882641229122
6.68705281991012
6.68743391209213
6.61075775651984
6.57810985259294
6.58573048977797
6.63490024179110
6.70439634031541
6.74441865403456
6.78259237236261
6.78432566447467
6.68187365021667
6.66226622242500
6.66137557900185
6.58455017245576
6.60980766833105
6.65519818142810
6.63941515719498
6.63925830523495
6.63795435272395
6.66771445331849
6.68926291165645
6.61833028857582
6.53128850854272
6.56929964634371
6.66252855008755
6.69801132754028
6.72412995417283
6.74757630857914
6.80714682625672
6.83340376011404
6.76435520149302
6.71984073923625
6.62141209931801
6.67156517967898
6.72345752319039
6.67674047232079
6.63288992385939
6.65247355016995
6.70556291358232
6.80251879325550
6.79465395543219
6.70938149593676
6.66837614977117
6.70877231424898
6.65478573481018
6.59746072961869
6.61812462554192
6.63965388948066
6.65118927966072
6.65621195311663
6.63240947251178
6.65724261225036
6.60775114108894
6.66266520897303
6.70724579091578
6.73260994573443
6.74585830505342
6.78577041225493
6.69814138099242
6.64253106829096
6.64315006956041
6.64004623745048
6.67435551628062
6.69674431247807
6.64966569829703
6.64379122333271
6.63465380163533
6.61415388122349
6.58829619070546
6.63798314408961
6.70396599184578
6.69328497838041
6.72069367259372
6.66447382991665
6.68743859355316
6.64724635839913
6.56312431547631
6.63863051124347
6.62993273174137
6.61132821307321
6.63511870655428
6.66985025316209
6.69136050396370
6.65356699391614
6.67678794278093
6.71280829936964
6.57037303637817
6.49392506567796
6.50993258735073
6.54063177570937
6.61021297575587
6.74181265513220
6.77201968284018
6.70871570288717
6.65200932520266
6.57701681616846
6.53668390903521
6.56167120946590
6.63925165833155
6.69181717848106
6.68051843685049
6.69821390351512
6.71831867615584
6.64112291439787
6.63100941628928
6.71656645173170
6.81209176011779
6.76580075635757
6.72227993434022
6.70481392313815
6.67969728500152
6.65588505192105
6.68899873861811
6.68714632386832
6.76239484037601
6.78741577994011
6.74958572945929
6.68794914973673
6.64109831880019
6.57694603002683
6.51474722205153
6.53873838058831
6.63903489392597
6.66334309772809
6.62217325291578
6.59187179049949
6.61971062246967
6.71759976598901
6.78670587881521
6.77362621280268
6.70366772187974
6.69077296445926
6.74194507110342
6.66180234032777
6.64436364904896
6.61049389226763
6.59407172449003
6.67712424803220
6.69781288980565
6.65798415880229
6.68335998886924
6.71910167028429
6.69118447539109
6.71367554851479
6.73274855501814
6.64758252106520
6.63766334885932
6.63147893625367
6.65644571141906
6.73575470730504
6.75074057842708
6.73936034218382
6.69807578017056
6.68833195740162
6.63085758633645
6.70535296133552
6.69950529528541
6.69122088892382
6.64234485768650
6.62755040687407
6.57317526994846
6.60724485354450
6.66454727823213
6.66095288118301
6.62114422636185
6.68523217336213
6.81857739638395
6.80266540642634
6.72232658894605
6.61190476113576
6.60455247397393
6.62299403189247
6.60826029775034
6.65300985142017
6.72087873282466
6.72911051333965
6.78089407440813
6.73246979343791
6.72376314135382
6.76586981858475
6.72426352183123
6.65449766057713
6.64307996413676
6.62155951914102
6.59287284363961
6.58477478264986
6.62657269433336
6.64927453095891
6.68882492273665
6.63575301765991
6.66247968693754
6.73373754603597
6.75128646634824
6.74917722154996
6.76827992272434
6.78235462123915
6.65634488971942
6.60560893797246
6.65640939028798
6.62125946951563
6.65999425398679
6.61705689056640
6.62903016749201
6.69234999982452
6.64401759700892
6.66047950264347
6.67876403199815
6.64480101322733
6.63269547237639
6.67420279127793
6.77470661116726
6.79417760379296
6.71143674837635
6.61977808990472
6.59871558689490
6.57774276579979
6.58773837636421
6.56506699984282
6.53773803325164
6.61780403902986
6.67452427910337
6.66674273832570
6.61996092530610
6.62724227559174
6.67711388339893
6.69177899817255
6.74336760464409
6.75547991660399
6.75410422005700
6.70924399982104
6.68036751182106
6.61373122313349
6.59708703039889
6.66928934806053
6.66922933346850
6.70450390313628
6.69840965347586
6.57508389552928
6.59367309865622
6.63210539373821
6.60289480964335
6.66711218147650
6.64464026626311
6.66012404970435
6.64537256019111
6.67023987381331
6.61127391037708
6.56136068803485
6.62879988694572
6.59340434022122
6.62139061223299
6.63119178734654
6.64174513684843
6.66614510993593
6.59278640188192
6.66812984875030
6.77056306462545
6.71857422441955
6.77072952746681
6.71872104633608
6.60952986513419
6.66393136418796
6.68343208779921
6.69377872363002
6.64792667606541
6.66341548549285
6.64061603810342
6.66970104596422
6.63757704939785
6.61774426764947
6.68939396596123
6.75308258612658
6.73138863615421
6.77999947288834
6.71319988085272
6.59602595530920
6.56170654272922
6.64105740933803
6.66359017725257
6.57038527962413
6.53246376356898
6.56565881284207
6.58607956268151
6.57512782147412
6.61266190513915
6.66582842240911
6.70225934596181
6.70037952183889
6.70126392433524
6.72488770299836
6.74766780810412
6.69202326900084
6.68176792056267
6.71323471960220
6.75377023306468
6.78209865722617
6.70649257057948
6.67197446863045
6.63208551669304
6.57092001784766
6.59936141520480
6.60728624889065
6.50782284963794
6.56177236004827
6.62171739853906
6.67185817227653
6.65123355287475
6.67431525734854
6.70977201655089
6.67568627476297
6.66320987935074
6.69475458156408
6.78354031118675
6.82057215279676
6.78220415663249
6.68332027937102
6.60774567573048
6.57947455761119
6.55515826189254
6.59720646714957
6.62679707025093
6.65568427900967
6.65884752254748
6.67582675897933
6.64130282921387
6.70799718157290
6.62094040816577
6.61362864008027
6.70141932769578
6.75875280992005
6.73785506473934
6.64513422049461
6.66478399158902
6.65742085980570
6.68239626033120
6.64583481626701
6.65954861353167
6.70687056585094
6.60856463311770
6.58536133123767
6.56820011691718
6.55911175566896
6.59962738469982
6.59008918560197
6.62920889895620
6.64871280197937
6.73270212529823
6.79540863124106
6.72749799977450
6.69510280651405
6.69512704637923
6.65898369185570
6.75503373572737
6.76432981328144
6.75560901913055
6.69669561965414
6.65352708596279
6.70734164868764
6.70484968978086
6.68506637885413
6.64799877786734
6.66550450581183
6.72878655930253
6.72082268988002
6.66811872382637
6.63578232515021
6.60949862466245
6.66146473296200
6.71776447133550
6.73807572190933
6.68868092293637
6.65024205998068
6.63220803085613
6.59424448965472
6.58145438868262
6.62333940798744
6.65095608901771
6.57363810438646
6.53135366794567
6.60751560102394
6.74334720668874
6.77502018267531
6.73505161997586
6.78607209953659
6.70073711685431
6.58441163585972
6.58526140851056
6.63331162044445
6.62394785455870
6.60569147541133
6.63760372904557
6.68919756483446
6.68788201716518
6.60157342672203
6.66699089489440
6.62595579122298
6.69660880190903
6.75707338570577
6.70469780303832
6.62605759336563
6.65707284946711
6.68052768469231
6.70789680579727
6.76562958658664
6.69183178235088
6.67031224957939
6.66645373873582
6.56638669305852
6.55736122025594
6.60864464676800
6.61627918161530
6.63217916948946
6.71233655098507
6.69478901181337
6.67579561278761
6.67938124352533
6.64246448881508
6.63102247211486
6.66839464710097
6.73027194023365
6.69461267577003
6.63421864483192
6.62476455075775
6.63577168759797
6.65378932074195
6.67038016179216
6.68430909227105
6.62256363006344
6.57175067526987
6.61810062361248
6.62560567364106
6.66781072712988
6.72081021212870
6.72161104372724
6.69205631656211
6.69838179157307
6.74886874019831
6.69226819140875
6.67308358552089
6.66668531373755
6.63137447529739
6.62801709619587
6.64226272317996
6.64010304224340
6.62767875638298
6.66754445249846
6.66969001400750
6.64186382450954
6.63335294269035
6.71267239393526
6.67325330481454
6.69475994170635
6.61825476835690
6.63281354941978
6.67213603421225
6.62875359778320
6.68898048714404
6.68765329868020
6.63974779444076
6.61869214939169
6.66518421314525
6.66313007223838
6.70166835929132
6.69319569652276
6.69831897293426
6.68303918278651
6.70145551201622
6.67624658444485
6.67813372554307
6.71179352617795
6.79221247903140
6.74221148828796
6.60934961058329
6.61534562811024
6.57882894145984
6.59887086984232
6.67478873074938
6.69090819317988
6.70402357250537
6.66989313901700
6.69372400563051
6.68970615693488
6.66005421646976
6.64896175364993
6.63999988242525
6.66452826800839
6.73678908710060
6.71533278974821
6.72259679833368
6.65941972887807
6.64655474040148
6.61808885294158
6.54808681649049
6.59116990879557
6.66893997237345
6.64423454773726
6.63502468435508
6.65580587478992
6.66430113846923
6.70216685518267
6.65920546577611
6.66562199920380
6.62894189814935
6.64816118279775
6.60706156628642
6.60101653832012
6.76739587720361
6.78964194719234
6.68039519947409
6.66005925409460
6.68822951170716
6.66079568540136
6.58585465958248
6.56412255895069
6.59902613365510
6.61735558271150
6.62405810115747
6.65936232661968
6.66474876294011
6.67139014537864
6.64890442162110
6.62463939462668
6.69984452858887
6.73731854471288
6.76604897109224
6.73248656435614
6.78509703598359
6.75855441274938
6.64979753790148
6.59954513154781
6.54794812791493
6.57299131011261
6.64537603274214
6.75402778779630
6.64475077132361
6.60270331322228
6.59030968253932
6.59110584987412
6.64491505423616
6.68900533497583
6.80345523688949
6.83233309444144
6.78330636584161
6.74719800192480
6.66570806623063
6.60807407611225
6.62962221410251
6.69481201755959
6.66382026233312
6.65227251599443
6.64684042446240
6.63609913876168
6.65196405805350
6.63452516462176
6.63226133728197
6.64928494417868
6.70879233314108
6.71174067039601
6.65240107771536
6.65984560291511
6.65210459778329
6.62327804055040
6.49272552779764
6.55376311497528
6.64573059153470
6.69642493131971
6.77455420664753
6.75492806755555
6.69705213462703
6.68604154376781
6.67460856135603
6.66475601425379
6.67151205374985
6.70441931181305
6.72689051847418
6.74340482847199
6.68444670597313
6.65293602261173
6.63560497628002
6.66603479875710
6.76661852865314
6.75122359032143
6.67526077079735
6.60155609862762
6.67993391660298
6.68752305943632
6.66044758438330
6.65713286642067
6.66428078480090
6.58442299733352
6.63977306731118
6.67096458480569
6.65213683861803
6.74210205593480
6.72684587730548
6.62615282729820
6.62821313286868
6.66130610471766
6.72927849817726
6.71209030467920
6.63794975196207
6.68301756825447
6.75109801315843
6.75379296691997
6.70953281009533
6.62749228407601
6.58992133130021
6.61241914456536
6.67434810940845
6.68690527144831
6.65800916140427
6.68739230808794
6.68289341579568
6.65895328629406
6.60075669098581
6.54289436310562
6.65902475883708
6.66006860836414
6.68148968811648
6.75291437679268
6.76519797278472
6.74608336261830
6.69335396279541
6.66952288326101
6.71461608816200
6.71691350297257
6.76689451178359
6.67275459053893
6.65335561713480
6.62992379255569
6.59673027916133
6.64342229288366
6.73361375000660
6.79726835896080
6.72669821067899
6.68052907845672
6.61944647307123
6.63063418556558
6.77355274523607
6.81533964167233
6.72017223708688
6.65766361381852
6.56294152939468
6.55146184595670
6.67394709416999
6.60204431370009
6.55205100694674
6.66525437154946
6.69817982519194
6.69369604299866
6.72338552118454
6.78985904818721
6.79882266764727
6.72733649349797
6.69767427213649
6.70783001437314
6.68032173293480
6.54453661375291
6.53531549416244
6.56199753352048
6.63087636371394
6.74133845683117
6.79765955895724
6.74036696211682
6.69121195762930
6.67144460588775
6.62098444538597
6.52923451189053
6.51486909089697
6.59347775222078
6.63910972593399
6.62834604326367
6.64855917494661
6.61236074447210
6.57484427686887
6.58701924225101
6.69723855848677
6.77759178675873
6.79870575927083
6.70989297429068
6.66257330095234
6.57190853574735
6.57734455415705
6.62095756957750
6.65724636691047
6.62128424222883
6.58652788565862
6.61119610996389
6.66950655094045
6.70663107597394
6.72028284771506
6.67780516355806
6.61754123638933
6.55205982033200
6.53552133272286
6.63510944287560
6.64253652393708
6.64779922495337
6.70211320582086
6.71860838811197
6.70952814484589
6.69198930755832
6.66970943391943
6.66535689118684
6.68142443488434
6.62516804824756
6.55869386360870
6.56398369367393
6.60932644271370
6.58952924329692
6.63474465871734
6.68945902557274
6.69777026372161
6.65125607745665
6.65195973967937
6.64192046245638
6.65096661488247
6.65479353309279
6.74430472167694
6.68587900674110
6.60690384574439
6.66164723461236
6.78706977756591
6.70054201185010
6.64566464758455
6.60931570500584
6.58881190536149
6.59794558994441
6.57970917314086
6.59215247718840
6.70833373552712
6.70648146935617
6.70080816444682
6.68910898893131
6.66559058026863
6.64511884765796
6.67005898376626
6.70104391943992
6.73849521640763
6.67325263987159
6.64018219130406
6.62669314092254
6.58987146385482
6.65841108544692
6.73691049183466
6.73560660640414
6.67743396934174
6.69343791484696
6.72188831583075
6.67715134443325
6.64002090601993
6.61633817911389
6.59701765048038
6.57504839311584
6.68134684342718
6.71057036357828
6.67992074092818
6.74552823829655
6.73478374886540
6.64873333801627
6.69449988550932
6.69808991188772
6.69703700128016
6.65510136567677
6.68795651009317
6.74013555559264
6.66283922813943
6.61341216480112
6.56739627405957
6.55282345829777
6.57329975546657
6.61666649024763
6.71406649640771
6.73379898224553
6.70467016714231
6.66606402923571
6.69467683339240
6.68963219645288
6.59807024843994
6.61997044314438
6.64854542676345
6.65070133755145
6.70011787146213
6.69062431282592
6.66598282664336
6.76390279090931
6.66269184084484
6.55912692889150
6.53199626123773
6.54107897070758
6.61276476409323
6.71509892873189
6.75310532408275
6.71209016668888
6.60515770428019
6.64259197978919
6.59269940705880
6.64042943947096
6.64525892277783
6.65160120636720
6.75240420608461
6.64579496515424
6.66312168773186
6.71796557673926
6.72178267826798
6.71483317125048
6.68200189038148
6.64760164968381
6.55362629331933
6.50622118831937
6.52310941911619
6.61885497211747
6.63180903092842
6.66255935310849
6.70355957530765
6.68370809110555
6.72564786742571
6.82388225811802
6.80316651295326
6.76540915729685
6.67504617887312
6.64124471382932
6.57568130521678
6.60153947561260
6.61275225721405
6.61057469258092
6.62273183601281
6.69084796893090
6.70653551436777
6.69972449447516
6.71447260033735
6.71322485187705
6.71087025084601
6.70276683051284
6.71693997578173
6.74847141535497
6.74505776653776
6.71555542975252
6.63772896586830
6.64256551297332
6.58740115585595
6.64938755833458
6.60362103002451
6.59702923324222
6.73024657969902
6.71824694031822
6.78028296395939
6.75130242753769
6.59896867974237
6.58683837604662
6.60002702527128
6.59299436284608
6.63900892514310
6.63592482946867
6.66453953640822
6.64754820626082
6.69272139997627
6.70273717363296
6.69908082257529
6.72161206470735
6.70103913666770
6.73782925113935
6.78987155416444
6.80711365263562
6.77995026651884
6.67887103056904
6.62867523953191
6.57038238046112
6.53777608923864
6.60067132252035
6.70731865091981
6.72359566446866
6.72051400134484
6.65360810764369
6.66764117985416
6.61073445881803
6.59574583453507
6.60876195263356
6.66525535118379
6.73184137720665
6.73394519188632
6.70647593721712
6.74587084773585
6.72089213831318
6.71227827177300
6.67233331279797
6.60606702148395
6.68761576550320
6.73639253772383
6.72160561069256
6.78952680628448
6.87030161235446
6.87111391106895
6.73574618502488
6.58177174283311
6.58748118712918
6.63309019912481
6.63806869167166
6.61284134891712
6.59183470939562
6.51506325378338
6.53718069176246
6.66207930153104
6.61068921112622
6.66130214544195
6.73360421479250
6.68863732343775
6.66125546035658
6.66026170323028
6.66125706030272
6.71975031863110
6.77138060449618
6.80977499203175
6.72738057138519
6.70421835628673
6.75566972782662
6.70154435163217
6.66565675046867
6.70864448872141
6.68441226857938
6.63916601423340
6.61449004310840
6.65177471988714
6.68463893650931
6.70217468506308
6.68736466431439
6.65198849749930
6.57826978241571
6.61717045115216
6.68322892692453
6.70003051117008
6.64399739833765
6.65514393511254
6.63181900957016
6.66530830736922
6.71953143712330